GF-2              
1 40118U 14049A   19051.80328506  .00000051  00000-0  13373-4 0  9997
2 40118  97.8800 133.7758 0006610 305.8113  54.2487 14.80637724243658
GF-1 01                 
1 39150U 13018A   19051.75359462  .00000025  00000-0  10925-4 0  9996
2 39150  97.9078 134.6167 0017740 234.9500 125.0041 14.76535962313783
GF-1 02
1 43259U 18031A   19051.71424128  .00000015  00000-0  95864-5 0  9994
2 43259  98.0073 130.4484 0003583 317.9683  42.1257 14.76430723 48192
GF-1 03
1 43260U 18031B   19051.89502410  .00000002  00000-0  76705-5 0  9995
2 43260  98.0063 130.6607 0006061  33.3303 326.8269 14.76423577 48211
GF-1 04
1 43262U 18031D   19051.94001534  .00000037  00000-0  12719-4 0  9996
2 43262  98.0076 130.6332 0003497 337.1897  22.9146 14.76432032 48219
GF-6
1 43484U 18048A   19051.91206553 -.00000006  00000-0  66007-5 0  9992
2 43484  98.0271 130.8412 0010722 141.1454 219.0515 14.76476811 38923
ZY-3 01
1 38046U 12001A   19051.95179492  .00000377  00000-0  19966-4 0  9999
2 38046  97.4672 126.7242 0004732  85.2165  27.7572 15.21249371395265
ZY-3 02
1 41556U 16033A   19051.80618707  .00000536  00000-0  26979-4 0  9998
2 41556  97.4075 131.0306 0000396  41.3730  99.2477 15.21333973151535
ZY-1 02C
1 38038U 11079A   19051.80788505  .00000034  00000-0  26266-4 0  9990
2 38038  98.2586 102.7504 0001893  84.2009 275.9386 14.35489309375534
CBERS-04
1 40336U 14079A   19051.80752210 -.00000034  00000-0  30605-5 0  9995
2 40336  98.3848 121.9249 0001558  66.9231 293.2114 14.35495560220448
GF-5
1 43461U 18043A   19051.81318717 -.00000022  00000-0  50100-5 0  9992
2 43461  98.1521 352.3644 0003091  91.1293 269.0266 14.57750783 41981
HJ-1A
1 33320U 08041A   19051.79385803  .00000009  00000-0  85388-5 0  9999
2 33320  97.8556 113.4389 0025151 200.5950 159.4238 14.76995913563355
HJ-1B
1 33321U 08041B   19051.89885548  .00000107  00000-0  22333-4 0  9991
2 33321  97.8623 115.2920 0033588 218.1337 141.7482 14.77099996563362
GF-4
1 41194U 15083A   19051.89926024 -.00000357  00000-0  00000-0 0  9998
2 41194   0.0828 262.8783 0002752 342.2258 334.8826  1.00270626 11681
FY-3B
1 37214U 10059A   19051.92270702  .00000013  00000-0  29688-4 0  9998
2 37214  98.9843  22.8741 0016587 191.9067 168.1722 14.15907441429394
FY-3C
1 39260U 13052A   19051.89047196 -.00000022  00000-0  10551-4 0  9992
2 39260  98.6208 114.7007 0011366 155.9786 204.1909 14.15860861280334
FY-3D
1 43010U 17072A   19051.89148056 -.00000031  00000-0  61384-5 0  9994
2 43010  98.7030 353.0890 0002361  51.3840 308.7552 14.19714469 65724
FY-4A
1 41882U 16077A   19051.93591130 -.00000353  00000-0  00000+0 0  9992
2 41882   0.0892  87.7242 0003495  24.3362 120.0665  1.00275576  8174
FY-2E
1 33463U 08066A   19049.52239980 -.00000220  00000-0  00000+0 0  9994
2 33463   3.3575  69.2651 0004496 256.5138  97.2183  1.00275626 37252
FY-2F
1 38049U 12002A   19051.88943410 -.00000378  00000-0  00000-0 0  9991
2 38049   0.9859  80.2680 0000961  27.1406 115.0403  1.00262839 26088
FY-2G
1 40367U 14090A   19051.88716597 -.00000325  00000-0  00000-0 0  9992
2 40367   0.9688 104.1894 0002455 288.9859 176.4776  1.00272069 15231
FY-2H
1 43491U 18050A   19051.91854778 -.00000150  00000-0  00000-0 0  9997
2 43491   1.7764 283.3168 0001876 265.3492  11.6554  1.00272363  2707
GF-3
1 41727U 16049A   19051.80920815 -.00000010  00000-0  10172-4 0  9997
2 41727  98.4146  61.0979 0001344  51.4317 308.6991 14.42213178133309